N-be75eec_150 4 2 4 4 3381418 3482828 2.9117142735731
N-tiw56n62_150 4 2 4 4 1593440 1626921 2.0579364332995
N-t59n11xx_150 4 2 4 4 311114 318960 2.4598695761224
N-t70f11xx_150 4 2 4 4 5140779 5150097 0.18092863105297
N-tiw56n66_150 4 2 4 4 2081462 2107619 1.2410687130833
N-be75np_150 4 2 4 4 7088041 7174325 1.2026776038164
N-t70l11xx_150 4 2 4 4 426096 436862 2.4643937902587
N-t65b11xx_150 4 2 4 4 6319274 6453836 2.084992553266
N-tiw56n67_150 4 2 4 4 2355887 2372926 0.71805863309686
N-be75oi_150 4 2 4 4 2224566 2246534 0.97786189748297
N-t65d11xx_150 4 2 4 4 3532300 3559347 0.75988657470036
N-t70n11xx_150 4 2 4 4 925882 948913 2.4270928947122
N-tiw56n72_150 4 2 4 4 4084703 4135907 1.2380355747844
N-t65f11xx_150 4 2 4 4 3107051 3159326 1.6546250687647
N-be75tot_150 4 2 4 4 11996837 12287707 2.3671625633652
N-t74d11xx_150 4 2 4 4 9258475 9396044 1.4641161748498
N-tiw56r54_150 4 2 4 4 947479 958192 1.1180431479286
N-t65l11xx_150 4 2 4 4 248866 253396 1.7877156703342
N-stabu1_150 4 2 4 4 2820749 2875732 1.9119653709038
N-t75d11xx_150 4 2 4 4 9565628 9642140 0.79351679191549
N-tiw56r58_150 4 2 4 4 1202319 1219295 1.3922799650618
N-stabu2_150 4 2 4 4 4311866 4327538 0.36214586677228
N-t65n11xx_150 4 2 4 4 549920 550733 0.14762144269546
N-t75e11xx_150 4 2 4 4 40109528 41570193 3.5137315816648
N-tiw56r66_150 4 2 4 4 1931470 1940755 0.47842205739519
N-t69r11xx_150 4 2 4 4 11677405 11855957 1.5060108601946
N-stabu3_150 4 2 4 4 4427386 4510445 1.8414812729121
N-t75k11xx_150 4 2 4 4 1498243 1541596 2.8122153923596
N-tiw56r67_150 4 2 4 4 2024723 2056347 1.537872742295
N-t70b11xx_150 4 2 4 4 9536732 9647229 1.1453755270037
N-t59b11xx_150 4 2 4 4 3158135 3239550 2.5131576916547
N-t75n11xx_150 4 2 4 4 1726044 1743094 0.97814575691271
N-t70d11xn_150 4 2 4 4 5707699 5825147 2.016223796584
N-t59d11xx_150 4 2 4 4 1423231 1462697 2.6981664692004
N-tiw56r72_150 4 2 4 4 2795863 2823758 0.98786794052465
N-tiw56n54_150 4 2 4 4 823537 837945 1.7194445936189
N-t59f11xx_150 4 2 4 4 1504415 1543733 2.5469430270649
N-t70d11xx_150 4 2 4 4 6122692 6174178 0.83389238211143
N-tiw56n58_150 4 2 4 4 1135954 1155392 1.6823727358334
