N-be75eec_150 4 2 4 4 3370678 3482828 3.2200843682203
N-tiw56n62_150 4 2 4 4 1584102 1626921 2.6319040690974
N-t59n11xx_150 4 2 4 4 309688 318960 2.9069475796338
N-t70f11xx_150 4 2 4 4 5102905 5150097 0.91633225548956
N-be75np_150 4 2 4 4 7041657 7174325 1.8492053259366
N-t70l11xx_150 4 2 4 4 424207 436862 2.8967957844811
N-tiw56n66_150 4 2 4 4 2068290 2107619 1.8660393553104
N-t65b11xx_150 4 2 4 4 6283673 6453836 2.6366179741785
N-be75oi_150 4 2 4 4 2207361 2246534 1.743708307998
N-t65d11xx_150 4 2 4 4 3521990 3559347 1.0495464477052
N-t70n11xx_150 4 2 4 4 922436 948913 2.790245259576
N-tiw56n67_150 4 2 4 4 2346407 2372926 1.1175654023766
N-be75tot_150 4 2 4 4 11928367 12287707 2.9243861364858
N-t74d11xx_150 4 2 4 4 9226884 9396044 1.8003321397814
N-tiw56n72_150 4 2 4 4 4075725 4135907 1.4551100883071
N-t65f11xx_150 4 2 4 4 3078077 3159326 2.5717194110389
N-t75d11xx_150 4 2 4 4 9476102 9642140 1.7220036216027
N-stabu1_150 4 2 4 4 2814725 2875732 2.1214424709952
N-tiw56r54_150 4 2 4 4 935828 958192 2.3339789937716
N-t65l11xx_150 4 2 4 4 248255 253396 2.0288402342578
N-stabu2_150 4 2 4 4 4254085 4327538 1.6973392261374
N-t75e11xx_150 4 2 4 4 39984991 41570193 3.8133140252681
N-tiw56r58_150 4 2 4 4 1187913 1219295 2.5737823906438
N-t65n11xx_150 4 2 4 4 548702 550733 0.36878124245324
N-stabu3_150 4 2 4 4 4393105 4510445 2.6015171452041
N-t75k11xx_150 4 2 4 4 1491935 1541596 3.2214017161435
N-tiw56r66_150 4 2 4 4 1924353 1940755 0.8451350118897
N-t69r11xx_150 4 2 4 4 11542358 11855957 2.6450753827802
N-t59b11xx_150 4 2 4 4 3143930 3239550 2.9516445185288
N-t75n11xx_150 4 2 4 4 1707356 1743094 2.0502623495922
N-tiw56r67_150 4 2 4 4 2002108 2056347 2.6376384919471
N-t70b11xx_150 4 2 4 4 9382837 9647229 2.7406004356277
N-t59d11xx_150 4 2 4 4 1417081 1462697 3.1186226539058
N-tiw56n54_150 4 2 4 4 820588 837945 2.0713769996838
N-tiw56r72_150 4 2 4 4 2773772 2823758 1.7701941880289
N-t70d11xn_150 4 2 4 4 5617351 5825147 3.5672232820906
N-t59f11xx_150 4 2 4 4 1489488 1543733 3.5138848492583
N-tiw56n58_150 4 2 4 4 1128303 1155392 2.344572231762
N-t70d11xx_150 4 2 4 4 6069873 6174178 1.6893746827513
